          0           0

          0           1

          0           2

          0           2

          0           3

          0           4

          0           4

          0           5

          0           5

          0           6

          0           6

          0           7

          0           7

          0           8

          0           9

          0           9

          0          10

          0          11

          0          12

          0          12

          0          13

          0          13

          0          13

          0          14

          0          14

          0          15

          0          15

          0          16

          0          17

          0          17

          0          18

          0          18

          0          19

          0          19

          0          20

          0          20

          0          20

          0          20

          0          21

          1          21

          2          21

          2          22

          2          22

          3          22

          3          22

          4          22

          4          23

          4          23

          4          24

          4          25

          4          25

          5          25

          5          25

          5          25

          5          26

          5          26

          5          27

          5          27

          5          28

          5          29

          5          29

          6          29

          6          29

          6          30

          6          31

          6          31

          6          32

          6          33

          7          33

          7          33

          8          33

          8          33

          8          33

          8          34

          8          34
EOF